{
 "cells": [
  {
   "cell_type": "code",
   "execution_count": 8,
   "id": "771543db",
   "metadata": {},
   "outputs": [],
   "source": [
    "## Import necessary packages\n",
    "import pandas as pd\n",
    "from scipy import sparse\n",
    "from sklearn.metrics.pairwise import cosine_similarity"
   ]
  },
  {
   "cell_type": "code",
   "execution_count": 26,
   "id": "a0213e16",
   "metadata": {},
   "outputs": [
    {
     "data": {
      "text/html": [
       "<div>\n",
       "<style scoped>\n",
       "    .dataframe tbody tr th:only-of-type {\n",
       "        vertical-align: middle;\n",
       "    }\n",
       "\n",
       "    .dataframe tbody tr th {\n",
       "        vertical-align: top;\n",
       "    }\n",
       "\n",
       "    .dataframe thead th {\n",
       "        text-align: right;\n",
       "    }\n",
       "</style>\n",
       "<table border=\"1\" class=\"dataframe\">\n",
       "  <thead>\n",
       "    <tr style=\"text-align: right;\">\n",
       "      <th></th>\n",
       "      <th>Ballet</th>\n",
       "      <th>Baseball</th>\n",
       "      <th>Basketball</th>\n",
       "      <th>Boxing</th>\n",
       "      <th>Cycling</th>\n",
       "      <th>Dancing</th>\n",
       "      <th>Fencing</th>\n",
       "      <th>Field_hockey</th>\n",
       "      <th>Football</th>\n",
       "      <th>Golf</th>\n",
       "      <th>...</th>\n",
       "      <th>Rugby</th>\n",
       "      <th>Skiing</th>\n",
       "      <th>Snowboarding</th>\n",
       "      <th>Surfing</th>\n",
       "      <th>Swimming</th>\n",
       "      <th>Tennis</th>\n",
       "      <th>Volleyball</th>\n",
       "      <th>Water_polo</th>\n",
       "      <th>Weight_lifting</th>\n",
       "      <th>Wrestling</th>\n",
       "    </tr>\n",
       "  </thead>\n",
       "  <tbody>\n",
       "    <tr>\n",
       "      <th>user1</th>\n",
       "      <td>1</td>\n",
       "      <td>3</td>\n",
       "      <td>3</td>\n",
       "      <td>3</td>\n",
       "      <td>3</td>\n",
       "      <td>1</td>\n",
       "      <td>4</td>\n",
       "      <td>3</td>\n",
       "      <td>5</td>\n",
       "      <td>2</td>\n",
       "      <td>...</td>\n",
       "      <td>4</td>\n",
       "      <td>3</td>\n",
       "      <td>3</td>\n",
       "      <td>2</td>\n",
       "      <td>1</td>\n",
       "      <td>3</td>\n",
       "      <td>3</td>\n",
       "      <td>4</td>\n",
       "      <td>2</td>\n",
       "      <td>2</td>\n",
       "    </tr>\n",
       "    <tr>\n",
       "      <th>user2</th>\n",
       "      <td>1</td>\n",
       "      <td>4</td>\n",
       "      <td>5</td>\n",
       "      <td>4</td>\n",
       "      <td>2</td>\n",
       "      <td>4</td>\n",
       "      <td>3</td>\n",
       "      <td>5</td>\n",
       "      <td>3</td>\n",
       "      <td>1</td>\n",
       "      <td>...</td>\n",
       "      <td>3</td>\n",
       "      <td>1</td>\n",
       "      <td>2</td>\n",
       "      <td>4</td>\n",
       "      <td>5</td>\n",
       "      <td>1</td>\n",
       "      <td>2</td>\n",
       "      <td>2</td>\n",
       "      <td>3</td>\n",
       "      <td>1</td>\n",
       "    </tr>\n",
       "    <tr>\n",
       "      <th>user3</th>\n",
       "      <td>5</td>\n",
       "      <td>1</td>\n",
       "      <td>2</td>\n",
       "      <td>3</td>\n",
       "      <td>1</td>\n",
       "      <td>1</td>\n",
       "      <td>0</td>\n",
       "      <td>2</td>\n",
       "      <td>3</td>\n",
       "      <td>3</td>\n",
       "      <td>...</td>\n",
       "      <td>2</td>\n",
       "      <td>2</td>\n",
       "      <td>3</td>\n",
       "      <td>3</td>\n",
       "      <td>2</td>\n",
       "      <td>4</td>\n",
       "      <td>1</td>\n",
       "      <td>2</td>\n",
       "      <td>4</td>\n",
       "      <td>5</td>\n",
       "    </tr>\n",
       "    <tr>\n",
       "      <th>user4</th>\n",
       "      <td>2</td>\n",
       "      <td>5</td>\n",
       "      <td>4</td>\n",
       "      <td>1</td>\n",
       "      <td>1</td>\n",
       "      <td>1</td>\n",
       "      <td>3</td>\n",
       "      <td>2</td>\n",
       "      <td>4</td>\n",
       "      <td>1</td>\n",
       "      <td>...</td>\n",
       "      <td>4</td>\n",
       "      <td>3</td>\n",
       "      <td>3</td>\n",
       "      <td>2</td>\n",
       "      <td>2</td>\n",
       "      <td>4</td>\n",
       "      <td>2</td>\n",
       "      <td>2</td>\n",
       "      <td>2</td>\n",
       "      <td>2</td>\n",
       "    </tr>\n",
       "    <tr>\n",
       "      <th>user5</th>\n",
       "      <td>2</td>\n",
       "      <td>1</td>\n",
       "      <td>2</td>\n",
       "      <td>4</td>\n",
       "      <td>2</td>\n",
       "      <td>1</td>\n",
       "      <td>4</td>\n",
       "      <td>1</td>\n",
       "      <td>1</td>\n",
       "      <td>3</td>\n",
       "      <td>...</td>\n",
       "      <td>2</td>\n",
       "      <td>1</td>\n",
       "      <td>1</td>\n",
       "      <td>4</td>\n",
       "      <td>2</td>\n",
       "      <td>4</td>\n",
       "      <td>1</td>\n",
       "      <td>3</td>\n",
       "      <td>1</td>\n",
       "      <td>3</td>\n",
       "    </tr>\n",
       "    <tr>\n",
       "      <th>user6</th>\n",
       "      <td>2</td>\n",
       "      <td>3</td>\n",
       "      <td>2</td>\n",
       "      <td>4</td>\n",
       "      <td>2</td>\n",
       "      <td>4</td>\n",
       "      <td>4</td>\n",
       "      <td>1</td>\n",
       "      <td>1</td>\n",
       "      <td>3</td>\n",
       "      <td>...</td>\n",
       "      <td>2</td>\n",
       "      <td>5</td>\n",
       "      <td>1</td>\n",
       "      <td>4</td>\n",
       "      <td>2</td>\n",
       "      <td>4</td>\n",
       "      <td>1</td>\n",
       "      <td>3</td>\n",
       "      <td>1</td>\n",
       "      <td>3</td>\n",
       "    </tr>\n",
       "  </tbody>\n",
       "</table>\n",
       "<p>6 rows × 26 columns</p>\n",
       "</div>"
      ],
      "text/plain": [
       "       Ballet  Baseball  Basketball  Boxing  Cycling  Dancing  Fencing  \\\n",
       "user1       1         3           3       3        3        1        4   \n",
       "user2       1         4           5       4        2        4        3   \n",
       "user3       5         1           2       3        1        1        0   \n",
       "user4       2         5           4       1        1        1        3   \n",
       "user5       2         1           2       4        2        1        4   \n",
       "user6       2         3           2       4        2        4        4   \n",
       "\n",
       "       Field_hockey  Football  Golf  ...  Rugby  Skiing  Snowboarding  \\\n",
       "user1             3         5     2  ...      4       3             3   \n",
       "user2             5         3     1  ...      3       1             2   \n",
       "user3             2         3     3  ...      2       2             3   \n",
       "user4             2         4     1  ...      4       3             3   \n",
       "user5             1         1     3  ...      2       1             1   \n",
       "user6             1         1     3  ...      2       5             1   \n",
       "\n",
       "       Surfing  Swimming  Tennis  Volleyball  Water_polo  Weight_lifting  \\\n",
       "user1        2         1       3           3           4               2   \n",
       "user2        4         5       1           2           2               3   \n",
       "user3        3         2       4           1           2               4   \n",
       "user4        2         2       4           2           2               2   \n",
       "user5        4         2       4           1           3               1   \n",
       "user6        4         2       4           1           3               1   \n",
       "\n",
       "       Wrestling  \n",
       "user1          2  \n",
       "user2          1  \n",
       "user3          5  \n",
       "user4          2  \n",
       "user5          3  \n",
       "user6          3  \n",
       "\n",
       "[6 rows x 26 columns]"
      ]
     },
     "execution_count": 26,
     "metadata": {},
     "output_type": "execute_result"
    }
   ],
   "source": [
    "## Read dataset and adjust first column\n",
    "## Replace NaN's with 0 for now\n",
    "ratings = pd.read_csv(\"test.csv\",index_col=0)\n",
    "ratings = ratings.fillna(0)\n",
    "ratings"
   ]
  },
  {
   "cell_type": "code",
   "execution_count": 27,
   "id": "a9e337e9",
   "metadata": {},
   "outputs": [
    {
     "name": "stdout",
     "output_type": "stream",
     "text": [
      "[[ 1.00000000e+00 -5.79537864e-01 -5.37086156e-01 -1.35596798e-01\n",
      "  -6.91905363e-01 -3.50823208e-01 -8.77058019e-01 -3.91076944e-01\n",
      "  -1.55485768e-01  5.29751456e-01 -2.48069469e-01  3.50823208e-01\n",
      "   0.00000000e+00  4.64095481e-01  6.91905363e-01 -4.80384461e-01\n",
      "  -5.29751456e-01 -4.47960820e-02  2.53359392e-01 -2.30326720e-02\n",
      "  -2.32047740e-01  5.23570314e-01 -6.10170216e-01 -4.43760157e-01\n",
      "   5.61758162e-01  9.28190962e-01]\n",
      " [-5.79537864e-01  1.00000000e+00  7.89542034e-01 -5.16131906e-01\n",
      "  -2.76394996e-02  3.22329186e-01  3.22329186e-01  4.42231994e-01\n",
      "   4.54545455e-01 -8.67639859e-01  2.27921153e-01 -8.05822964e-01\n",
      "  -1.61164593e-01 -6.09144904e-01  2.76394996e-02  8.82734830e-01\n",
      "   7.40668172e-01  2.88104066e-01  2.75105321e-01 -3.59753112e-01\n",
      "   3.04572452e-01 -3.77964473e-01  5.60611911e-01 -2.03858877e-01\n",
      "  -8.89882597e-02 -7.61431130e-01]\n",
      " [-5.37086156e-01  7.89542034e-01  1.00000000e+00 -2.70500890e-01\n",
      "   0.00000000e+00  3.06186218e-01  1.02062073e-01  8.40168050e-01\n",
      "   4.93463771e-01 -9.64901281e-01  5.77350269e-01 -9.18558654e-01\n",
      "   3.06186218e-01 -5.78637562e-01  0.00000000e+00  8.94427191e-01\n",
      "   6.43267521e-01 -3.12771621e-01  3.21633760e-01 -1.60816880e-01\n",
      "   6.94365075e-01 -7.83349452e-01  5.80947502e-01 -3.87298335e-01\n",
      "   2.70500890e-01 -8.10092587e-01]\n",
      " [-1.35596798e-01 -5.16131906e-01 -2.70500890e-01  1.00000000e+00\n",
      "   4.92410112e-01  5.52157630e-01  2.20863052e-01  7.57554019e-02\n",
      "  -6.22917818e-01  4.93012572e-01  4.68521286e-01  4.41726104e-01\n",
      "   4.41726104e-01  8.34783871e-02 -4.92410112e-01 -2.41943352e-01\n",
      "  -6.67017009e-01 -1.69210004e-01 -7.25018488e-01  8.41021446e-01\n",
      "   3.33913548e-01 -3.29617127e-01 -3.49215148e-01  2.79372118e-01\n",
      "  -1.70731707e-01  4.17391936e-02]\n",
      " [-6.91905363e-01 -2.76394996e-02  0.00000000e+00  4.92410112e-01\n",
      "   1.00000000e+00  1.71498585e-01  6.85994341e-01  2.35294118e-01\n",
      "   1.38197498e-01  4.50377349e-02  2.42535625e-01  3.42997170e-01\n",
      "   3.42997170e-01  2.59281489e-01 -1.00000000e+00  0.00000000e+00\n",
      "   2.25188675e-01  8.75935744e-02 -2.25188675e-01  4.50377349e-02\n",
      "  -1.29640745e-01 -3.65636212e-01  5.42326145e-01  8.67721831e-01\n",
      "  -4.16654710e-01 -4.53742606e-01]\n",
      " [-3.50823208e-01  3.22329186e-01  3.06186218e-01  5.52157630e-01\n",
      "   1.71498585e-01  1.00000000e+00  2.50000000e-01  3.42997170e-01\n",
      "  -4.02911482e-01 -1.31306433e-01  7.07106781e-01 -2.50000000e-01\n",
      "   2.50000000e-01 -4.72455591e-01 -1.71498585e-01  5.47722558e-01\n",
      "  -2.62612866e-01  2.55376959e-01 -5.25225731e-01  6.56532164e-01\n",
      "   6.61437828e-01 -5.33001791e-01 -1.58113883e-01 -1.58113883e-01\n",
      "  -1.10431526e-01 -3.77964473e-01]\n",
      " [-8.77058019e-01  3.22329186e-01  1.02062073e-01  2.20863052e-01\n",
      "   6.85994341e-01  2.50000000e-01  1.00000000e+00 -8.57492926e-02\n",
      "  -1.61164593e-01 -1.31306433e-01 -1.17851130e-01 -2.77555756e-17\n",
      "  -3.33333333e-01 -3.77964473e-01 -6.85994341e-01  9.12870929e-02\n",
      "   2.62612866e-01  2.55376959e-01 -5.25225731e-01  1.31306433e-01\n",
      "  -9.44911183e-02 -1.06600358e-01  3.16227766e-01  6.32455532e-01\n",
      "  -8.83452209e-01 -6.61437828e-01]\n",
      " [-3.91076944e-01  4.42231994e-01  8.40168050e-01  7.57554019e-02\n",
      "   2.35294118e-01  3.42997170e-01 -8.57492926e-02  1.00000000e+00\n",
      "   5.25150493e-01 -7.20603759e-01  8.48874688e-01 -6.00245048e-01\n",
      "   7.71743633e-01 -1.62050931e-01 -2.35294118e-01  7.51469149e-01\n",
      "   4.50377349e-01 -4.37967872e-01  3.60301879e-01 -4.50377349e-02\n",
      "   7.13024096e-01 -9.50654151e-01  5.96558759e-01 -2.16930458e-01\n",
      "   5.30287813e-01 -6.15793537e-01]\n",
      " [-1.55485768e-01  4.54545455e-01  4.93463771e-01 -6.22917818e-01\n",
      "   1.38197498e-01 -4.02911482e-01 -1.61164593e-01  5.25150493e-01\n",
      "   1.00000000e+00 -6.13696486e-01  1.13960576e-01 -3.22329186e-01\n",
      "   3.22329186e-01  3.04572452e-01 -1.38197498e-01  4.41367415e-01\n",
      "   8.67639859e-01 -4.11577236e-02  9.09963755e-01 -8.67639859e-01\n",
      "  -1.52286226e-01 -2.74883253e-01  8.66400225e-01  1.01929438e-01\n",
      "   4.44941298e-01 -3.04572452e-01]\n",
      " [ 5.29751456e-01 -8.67639859e-01 -9.64901281e-01  4.93012572e-01\n",
      "   4.50377349e-02 -1.31306433e-01 -1.31306433e-01 -7.20603759e-01\n",
      "  -6.13696486e-01  1.00000000e+00 -3.71390676e-01  9.19145030e-01\n",
      "  -1.31306433e-01  5.45920834e-01 -4.50377349e-02 -8.63033943e-01\n",
      "  -7.93103448e-01  2.01195825e-01 -4.48275862e-01  3.79310345e-01\n",
      "  -4.96291667e-01  6.15881762e-01 -6.64363839e-01  3.32181919e-01\n",
      "  -2.03005177e-01  7.94066667e-01]\n",
      " [-2.48069469e-01  2.27921153e-01  5.77350269e-01  4.68521286e-01\n",
      "   2.42535625e-01  7.07106781e-01 -1.17851130e-01  8.48874688e-01\n",
      "   1.13960576e-01 -3.71390676e-01  1.00000000e+00 -3.53553391e-01\n",
      "   8.24957911e-01 -1.33630621e-01 -2.42535625e-01  6.45497224e-01\n",
      "   0.00000000e+00 -2.40771706e-01  0.00000000e+00  3.71390676e-01\n",
      "   8.01783726e-01 -9.04534034e-01  2.23606798e-01 -2.23606798e-01\n",
      "   4.68521286e-01 -4.00891863e-01]\n",
      " [ 3.50823208e-01 -8.05822964e-01 -9.18558654e-01  4.41726104e-01\n",
      "   3.42997170e-01 -2.50000000e-01 -2.77555756e-17 -6.00245048e-01\n",
      "  -3.22329186e-01  9.19145030e-01 -3.53553391e-01  1.00000000e+00\n",
      "   0.00000000e+00  7.55928946e-01 -3.42997170e-01 -8.21583836e-01\n",
      "  -5.25225731e-01  2.55376959e-01 -2.62612866e-01  1.31306433e-01\n",
      "  -6.61437828e-01  5.33001791e-01 -3.16227766e-01  6.32455532e-01\n",
      "  -2.20863052e-01  6.61437828e-01]\n",
      " [ 0.00000000e+00 -1.61164593e-01  3.06186218e-01  4.41726104e-01\n",
      "   3.42997170e-01  2.50000000e-01 -3.33333333e-01  7.71743633e-01\n",
      "   3.22329186e-01 -1.31306433e-01  8.24957911e-01  0.00000000e+00\n",
      "   1.00000000e+00  3.77964473e-01 -3.42997170e-01  2.73861279e-01\n",
      "   0.00000000e+00 -4.25628265e-01  2.62612866e-01  1.31306433e-01\n",
      "   4.72455591e-01 -7.46202507e-01  3.16227766e-01  2.77555756e-17\n",
      "   6.62589156e-01 -9.44911183e-02]\n",
      " [ 4.64095481e-01 -6.09144904e-01 -5.78637562e-01  8.34783871e-02\n",
      "   2.59281489e-01 -4.72455591e-01 -3.77964473e-01 -1.62050931e-01\n",
      "   3.04572452e-01  5.45920834e-01 -1.33630621e-01  7.55928946e-01\n",
      "   3.77964473e-01  1.00000000e+00 -2.59281489e-01 -5.17549170e-01\n",
      "  -9.92583334e-02  9.65234178e-02  3.97033334e-01 -3.47404167e-01\n",
      "  -6.07142857e-01  2.82038037e-01  1.19522861e-01  4.78091444e-01\n",
      "   3.33913548e-01  6.07142857e-01]\n",
      " [ 6.91905363e-01  2.76394996e-02  0.00000000e+00 -4.92410112e-01\n",
      "  -1.00000000e+00 -1.71498585e-01 -6.85994341e-01 -2.35294118e-01\n",
      "  -1.38197498e-01 -4.50377349e-02 -2.42535625e-01 -3.42997170e-01\n",
      "  -3.42997170e-01 -2.59281489e-01  1.00000000e+00  0.00000000e+00\n",
      "  -2.25188675e-01 -8.75935744e-02  2.25188675e-01 -4.50377349e-02\n",
      "   1.29640745e-01  3.65636212e-01 -5.42326145e-01 -8.67721831e-01\n",
      "   4.16654710e-01  4.53742606e-01]\n",
      " [-4.80384461e-01  8.82734830e-01  8.94427191e-01 -2.41943352e-01\n",
      "   0.00000000e+00  5.47722558e-01  9.12870929e-02  7.51469149e-01\n",
      "   4.41367415e-01 -8.63033943e-01  6.45497224e-01 -8.21583836e-01\n",
      "   2.73861279e-01 -5.17549170e-01  0.00000000e+00  1.00000000e+00\n",
      "   5.75355962e-01  9.32504808e-02  2.87677981e-01 -1.43838990e-01\n",
      "   6.21059003e-01 -7.00649050e-01  5.19615242e-01 -3.46410162e-01\n",
      "   2.41943352e-01 -7.24568837e-01]\n",
      " [-5.29751456e-01  7.40668172e-01  6.43267521e-01 -6.67017009e-01\n",
      "   2.25188675e-01 -2.62612866e-01  2.62612866e-01  4.50377349e-01\n",
      "   8.67639859e-01 -7.93103448e-01  0.00000000e+00 -5.25225731e-01\n",
      "   0.00000000e+00 -9.92583334e-02 -2.25188675e-01  5.75355962e-01\n",
      "   1.00000000e+00  6.70652751e-02  6.55172414e-01 -7.93103448e-01\n",
      "  -9.92583334e-02 -2.79946255e-01  9.13500278e-01  1.66090960e-01\n",
      "   2.90007395e-02 -6.45179167e-01]\n",
      " [-4.47960820e-02  2.88104066e-01 -3.12771621e-01 -1.69210004e-01\n",
      "   8.75935744e-02  2.55376959e-01  2.55376959e-01 -4.37967872e-01\n",
      "  -4.11577236e-02  2.01195825e-01 -2.40771706e-01  2.55376959e-01\n",
      "  -4.25628265e-01  9.65234178e-02 -8.75935744e-02  9.32504808e-02\n",
      "   6.70652751e-02  1.00000000e+00 -6.70652751e-02 -2.01195825e-01\n",
      "  -4.82617089e-01  4.35572405e-01  5.55111512e-17  3.23029141e-01\n",
      "  -3.94823343e-01  9.65234178e-02]\n",
      " [ 2.53359392e-01  2.75105321e-01  3.21633760e-01 -7.25018488e-01\n",
      "  -2.25188675e-01 -5.25225731e-01 -5.25225731e-01  3.60301879e-01\n",
      "   9.09963755e-01 -4.48275862e-01  0.00000000e+00 -2.62612866e-01\n",
      "   2.62612866e-01  3.97033334e-01  2.25188675e-01  2.87677981e-01\n",
      "   6.55172414e-01 -6.70652751e-02  1.00000000e+00 -8.62068966e-01\n",
      "  -1.98516667e-01 -5.59892511e-02  5.81318359e-01 -1.66090960e-01\n",
      "   6.67017009e-01  4.96291667e-02]\n",
      " [-2.30326720e-02 -3.59753112e-01 -1.60816880e-01  8.41021446e-01\n",
      "   4.50377349e-02  6.56532164e-01  1.31306433e-01 -4.50377349e-02\n",
      "  -8.67639859e-01  3.79310345e-01  3.71390676e-01  1.31306433e-01\n",
      "   1.31306433e-01 -3.47404167e-01 -4.50377349e-02 -1.43838990e-01\n",
      "  -7.93103448e-01 -2.01195825e-01 -8.62068966e-01  1.00000000e+00\n",
      "   5.45920834e-01 -2.23957004e-01 -6.64363839e-01 -1.66090960e-01\n",
      "  -2.03005177e-01  4.96291667e-02]\n",
      " [-2.32047740e-01  3.04572452e-01  6.94365075e-01  3.33913548e-01\n",
      "  -1.29640745e-01  6.61437828e-01 -9.44911183e-02  7.13024096e-01\n",
      "  -1.52286226e-01 -4.96291667e-01  8.01783726e-01 -6.61437828e-01\n",
      "   4.72455591e-01 -6.07142857e-01  1.29640745e-01  6.21059003e-01\n",
      "  -9.92583334e-02 -4.82617089e-01 -1.98516667e-01  5.45920834e-01\n",
      "   1.00000000e+00 -8.05822964e-01 -5.97614305e-02 -5.97614305e-01\n",
      "   3.33913548e-01 -4.64285714e-01]\n",
      " [ 5.23570314e-01 -3.77964473e-01 -7.83349452e-01 -3.29617127e-01\n",
      "  -3.65636212e-01 -5.33001791e-01 -1.06600358e-01 -9.50654151e-01\n",
      "  -2.74883253e-01  6.15881762e-01 -9.04534034e-01  5.33001791e-01\n",
      "  -7.46202507e-01  2.82038037e-01  3.65636212e-01 -7.00649050e-01\n",
      "  -2.79946255e-01  4.35572405e-01 -5.59892511e-02 -2.23957004e-01\n",
      "  -8.05822964e-01  1.00000000e+00 -4.71939904e-01  1.34839972e-01\n",
      "  -3.29617127e-01  6.84949519e-01]\n",
      " [-6.10170216e-01  5.60611911e-01  5.80947502e-01 -3.49215148e-01\n",
      "   5.42326145e-01 -1.58113883e-01  3.16227766e-01  5.96558759e-01\n",
      "   8.66400225e-01 -6.64363839e-01  2.23606798e-01 -3.16227766e-01\n",
      "   3.16227766e-01  1.19522861e-01 -5.42326145e-01  5.19615242e-01\n",
      "   9.13500278e-01  5.55111512e-17  5.81318359e-01 -6.64363839e-01\n",
      "  -5.97614305e-02 -4.71939904e-01  1.00000000e+00  4.00000000e-01\n",
      "   6.98430296e-02 -6.57375735e-01]\n",
      " [-4.43760157e-01 -2.03858877e-01 -3.87298335e-01  2.79372118e-01\n",
      "   8.67721831e-01 -1.58113883e-01  6.32455532e-01 -2.16930458e-01\n",
      "   1.01929438e-01  3.32181919e-01 -2.23606798e-01  6.32455532e-01\n",
      "   2.77555756e-17  4.78091444e-01 -8.67721831e-01 -3.46410162e-01\n",
      "   1.66090960e-01  3.23029141e-01 -1.66090960e-01 -1.66090960e-01\n",
      "  -5.97614305e-01  1.34839972e-01  4.00000000e-01  1.00000000e+00\n",
      "  -5.58744237e-01 -1.19522861e-01]\n",
      " [ 5.61758162e-01 -8.89882597e-02  2.70500890e-01 -1.70731707e-01\n",
      "  -4.16654710e-01 -1.10431526e-01 -8.83452209e-01  5.30287813e-01\n",
      "   4.44941298e-01 -2.03005177e-01  4.68521286e-01 -2.20863052e-01\n",
      "   6.62589156e-01  3.33913548e-01  4.16654710e-01  2.41943352e-01\n",
      "   2.90007395e-02 -3.94823343e-01  6.67017009e-01 -2.03005177e-01\n",
      "   3.33913548e-01 -3.29617127e-01  6.98430296e-02 -5.58744237e-01\n",
      "   1.00000000e+00  2.92174355e-01]\n",
      " [ 9.28190962e-01 -7.61431130e-01 -8.10092587e-01  4.17391936e-02\n",
      "  -4.53742606e-01 -3.77964473e-01 -6.61437828e-01 -6.15793537e-01\n",
      "  -3.04572452e-01  7.94066667e-01 -4.00891863e-01  6.61437828e-01\n",
      "  -9.44911183e-02  6.07142857e-01  4.53742606e-01 -7.24568837e-01\n",
      "  -6.45179167e-01  9.65234178e-02  4.96291667e-02  4.96291667e-02\n",
      "  -4.64285714e-01  6.84949519e-01 -6.57375735e-01 -1.19522861e-01\n",
      "   2.92174355e-01  1.00000000e+00]]\n"
     ]
    }
   ],
   "source": [
    "## Method which standardises data values to be more\n",
    "## accurately represent a user's opinion.\n",
    "def standardise(row):\n",
    "    new_row = (row - row.mean()) / (row.max() - row.min())\n",
    "    return new_row\n",
    "\n",
    "## Apply standardise method to new table\n",
    "ratings_std = ratings.apply(standardise)\n",
    "\n",
    "## Create item similarity matrix and use transposed table \n",
    "## since we want similarity between items which need to be in rows.\n",
    "item_similarity = cosine_similarity(ratings_std.T)\n",
    "print(item_similarity)"
   ]
  },
  {
   "cell_type": "code",
   "execution_count": 28,
   "id": "e84d79c5",
   "metadata": {},
   "outputs": [
    {
     "data": {
      "text/html": [
       "<div>\n",
       "<style scoped>\n",
       "    .dataframe tbody tr th:only-of-type {\n",
       "        vertical-align: middle;\n",
       "    }\n",
       "\n",
       "    .dataframe tbody tr th {\n",
       "        vertical-align: top;\n",
       "    }\n",
       "\n",
       "    .dataframe thead th {\n",
       "        text-align: right;\n",
       "    }\n",
       "</style>\n",
       "<table border=\"1\" class=\"dataframe\">\n",
       "  <thead>\n",
       "    <tr style=\"text-align: right;\">\n",
       "      <th></th>\n",
       "      <th>Ballet</th>\n",
       "      <th>Baseball</th>\n",
       "      <th>Basketball</th>\n",
       "      <th>Boxing</th>\n",
       "      <th>Cycling</th>\n",
       "      <th>Dancing</th>\n",
       "      <th>Fencing</th>\n",
       "      <th>Field_hockey</th>\n",
       "      <th>Football</th>\n",
       "      <th>Golf</th>\n",
       "      <th>...</th>\n",
       "      <th>Rugby</th>\n",
       "      <th>Skiing</th>\n",
       "      <th>Snowboarding</th>\n",
       "      <th>Surfing</th>\n",
       "      <th>Swimming</th>\n",
       "      <th>Tennis</th>\n",
       "      <th>Volleyball</th>\n",
       "      <th>Water_polo</th>\n",
       "      <th>Weight_lifting</th>\n",
       "      <th>Wrestling</th>\n",
       "    </tr>\n",
       "  </thead>\n",
       "  <tbody>\n",
       "    <tr>\n",
       "      <th>Ballet</th>\n",
       "      <td>1.000000</td>\n",
       "      <td>-0.579538</td>\n",
       "      <td>-0.537086</td>\n",
       "      <td>-0.135597</td>\n",
       "      <td>-0.691905</td>\n",
       "      <td>-0.350823</td>\n",
       "      <td>-8.770580e-01</td>\n",
       "      <td>-0.391077</td>\n",
       "      <td>-0.155486</td>\n",
       "      <td>0.529751</td>\n",
       "      <td>...</td>\n",
       "      <td>-0.529751</td>\n",
       "      <td>-4.479608e-02</td>\n",
       "      <td>0.253359</td>\n",
       "      <td>-0.023033</td>\n",
       "      <td>-0.232048</td>\n",
       "      <td>0.523570</td>\n",
       "      <td>-6.101702e-01</td>\n",
       "      <td>-4.437602e-01</td>\n",
       "      <td>0.561758</td>\n",
       "      <td>0.928191</td>\n",
       "    </tr>\n",
       "    <tr>\n",
       "      <th>Baseball</th>\n",
       "      <td>-0.579538</td>\n",
       "      <td>1.000000</td>\n",
       "      <td>0.789542</td>\n",
       "      <td>-0.516132</td>\n",
       "      <td>-0.027639</td>\n",
       "      <td>0.322329</td>\n",
       "      <td>3.223292e-01</td>\n",
       "      <td>0.442232</td>\n",
       "      <td>0.454545</td>\n",
       "      <td>-0.867640</td>\n",
       "      <td>...</td>\n",
       "      <td>0.740668</td>\n",
       "      <td>2.881041e-01</td>\n",
       "      <td>0.275105</td>\n",
       "      <td>-0.359753</td>\n",
       "      <td>0.304572</td>\n",
       "      <td>-0.377964</td>\n",
       "      <td>5.606119e-01</td>\n",
       "      <td>-2.038589e-01</td>\n",
       "      <td>-0.088988</td>\n",
       "      <td>-0.761431</td>\n",
       "    </tr>\n",
       "    <tr>\n",
       "      <th>Basketball</th>\n",
       "      <td>-0.537086</td>\n",
       "      <td>0.789542</td>\n",
       "      <td>1.000000</td>\n",
       "      <td>-0.270501</td>\n",
       "      <td>0.000000</td>\n",
       "      <td>0.306186</td>\n",
       "      <td>1.020621e-01</td>\n",
       "      <td>0.840168</td>\n",
       "      <td>0.493464</td>\n",
       "      <td>-0.964901</td>\n",
       "      <td>...</td>\n",
       "      <td>0.643268</td>\n",
       "      <td>-3.127716e-01</td>\n",
       "      <td>0.321634</td>\n",
       "      <td>-0.160817</td>\n",
       "      <td>0.694365</td>\n",
       "      <td>-0.783349</td>\n",
       "      <td>5.809475e-01</td>\n",
       "      <td>-3.872983e-01</td>\n",
       "      <td>0.270501</td>\n",
       "      <td>-0.810093</td>\n",
       "    </tr>\n",
       "    <tr>\n",
       "      <th>Boxing</th>\n",
       "      <td>-0.135597</td>\n",
       "      <td>-0.516132</td>\n",
       "      <td>-0.270501</td>\n",
       "      <td>1.000000</td>\n",
       "      <td>0.492410</td>\n",
       "      <td>0.552158</td>\n",
       "      <td>2.208631e-01</td>\n",
       "      <td>0.075755</td>\n",
       "      <td>-0.622918</td>\n",
       "      <td>0.493013</td>\n",
       "      <td>...</td>\n",
       "      <td>-0.667017</td>\n",
       "      <td>-1.692100e-01</td>\n",
       "      <td>-0.725018</td>\n",
       "      <td>0.841021</td>\n",
       "      <td>0.333914</td>\n",
       "      <td>-0.329617</td>\n",
       "      <td>-3.492151e-01</td>\n",
       "      <td>2.793721e-01</td>\n",
       "      <td>-0.170732</td>\n",
       "      <td>0.041739</td>\n",
       "    </tr>\n",
       "    <tr>\n",
       "      <th>Cycling</th>\n",
       "      <td>-0.691905</td>\n",
       "      <td>-0.027639</td>\n",
       "      <td>0.000000</td>\n",
       "      <td>0.492410</td>\n",
       "      <td>1.000000</td>\n",
       "      <td>0.171499</td>\n",
       "      <td>6.859943e-01</td>\n",
       "      <td>0.235294</td>\n",
       "      <td>0.138197</td>\n",
       "      <td>0.045038</td>\n",
       "      <td>...</td>\n",
       "      <td>0.225189</td>\n",
       "      <td>8.759357e-02</td>\n",
       "      <td>-0.225189</td>\n",
       "      <td>0.045038</td>\n",
       "      <td>-0.129641</td>\n",
       "      <td>-0.365636</td>\n",
       "      <td>5.423261e-01</td>\n",
       "      <td>8.677218e-01</td>\n",
       "      <td>-0.416655</td>\n",
       "      <td>-0.453743</td>\n",
       "    </tr>\n",
       "    <tr>\n",
       "      <th>Dancing</th>\n",
       "      <td>-0.350823</td>\n",
       "      <td>0.322329</td>\n",
       "      <td>0.306186</td>\n",
       "      <td>0.552158</td>\n",
       "      <td>0.171499</td>\n",
       "      <td>1.000000</td>\n",
       "      <td>2.500000e-01</td>\n",
       "      <td>0.342997</td>\n",
       "      <td>-0.402911</td>\n",
       "      <td>-0.131306</td>\n",
       "      <td>...</td>\n",
       "      <td>-0.262613</td>\n",
       "      <td>2.553770e-01</td>\n",
       "      <td>-0.525226</td>\n",
       "      <td>0.656532</td>\n",
       "      <td>0.661438</td>\n",
       "      <td>-0.533002</td>\n",
       "      <td>-1.581139e-01</td>\n",
       "      <td>-1.581139e-01</td>\n",
       "      <td>-0.110432</td>\n",
       "      <td>-0.377964</td>\n",
       "    </tr>\n",
       "    <tr>\n",
       "      <th>Fencing</th>\n",
       "      <td>-0.877058</td>\n",
       "      <td>0.322329</td>\n",
       "      <td>0.102062</td>\n",
       "      <td>0.220863</td>\n",
       "      <td>0.685994</td>\n",
       "      <td>0.250000</td>\n",
       "      <td>1.000000e+00</td>\n",
       "      <td>-0.085749</td>\n",
       "      <td>-0.161165</td>\n",
       "      <td>-0.131306</td>\n",
       "      <td>...</td>\n",
       "      <td>0.262613</td>\n",
       "      <td>2.553770e-01</td>\n",
       "      <td>-0.525226</td>\n",
       "      <td>0.131306</td>\n",
       "      <td>-0.094491</td>\n",
       "      <td>-0.106600</td>\n",
       "      <td>3.162278e-01</td>\n",
       "      <td>6.324555e-01</td>\n",
       "      <td>-0.883452</td>\n",
       "      <td>-0.661438</td>\n",
       "    </tr>\n",
       "    <tr>\n",
       "      <th>Field_hockey</th>\n",
       "      <td>-0.391077</td>\n",
       "      <td>0.442232</td>\n",
       "      <td>0.840168</td>\n",
       "      <td>0.075755</td>\n",
       "      <td>0.235294</td>\n",
       "      <td>0.342997</td>\n",
       "      <td>-8.574929e-02</td>\n",
       "      <td>1.000000</td>\n",
       "      <td>0.525150</td>\n",
       "      <td>-0.720604</td>\n",
       "      <td>...</td>\n",
       "      <td>0.450377</td>\n",
       "      <td>-4.379679e-01</td>\n",
       "      <td>0.360302</td>\n",
       "      <td>-0.045038</td>\n",
       "      <td>0.713024</td>\n",
       "      <td>-0.950654</td>\n",
       "      <td>5.965588e-01</td>\n",
       "      <td>-2.169305e-01</td>\n",
       "      <td>0.530288</td>\n",
       "      <td>-0.615794</td>\n",
       "    </tr>\n",
       "    <tr>\n",
       "      <th>Football</th>\n",
       "      <td>-0.155486</td>\n",
       "      <td>0.454545</td>\n",
       "      <td>0.493464</td>\n",
       "      <td>-0.622918</td>\n",
       "      <td>0.138197</td>\n",
       "      <td>-0.402911</td>\n",
       "      <td>-1.611646e-01</td>\n",
       "      <td>0.525150</td>\n",
       "      <td>1.000000</td>\n",
       "      <td>-0.613696</td>\n",
       "      <td>...</td>\n",
       "      <td>0.867640</td>\n",
       "      <td>-4.115772e-02</td>\n",
       "      <td>0.909964</td>\n",
       "      <td>-0.867640</td>\n",
       "      <td>-0.152286</td>\n",
       "      <td>-0.274883</td>\n",
       "      <td>8.664002e-01</td>\n",
       "      <td>1.019294e-01</td>\n",
       "      <td>0.444941</td>\n",
       "      <td>-0.304572</td>\n",
       "    </tr>\n",
       "    <tr>\n",
       "      <th>Golf</th>\n",
       "      <td>0.529751</td>\n",
       "      <td>-0.867640</td>\n",
       "      <td>-0.964901</td>\n",
       "      <td>0.493013</td>\n",
       "      <td>0.045038</td>\n",
       "      <td>-0.131306</td>\n",
       "      <td>-1.313064e-01</td>\n",
       "      <td>-0.720604</td>\n",
       "      <td>-0.613696</td>\n",
       "      <td>1.000000</td>\n",
       "      <td>...</td>\n",
       "      <td>-0.793103</td>\n",
       "      <td>2.011958e-01</td>\n",
       "      <td>-0.448276</td>\n",
       "      <td>0.379310</td>\n",
       "      <td>-0.496292</td>\n",
       "      <td>0.615882</td>\n",
       "      <td>-6.643638e-01</td>\n",
       "      <td>3.321819e-01</td>\n",
       "      <td>-0.203005</td>\n",
       "      <td>0.794067</td>\n",
       "    </tr>\n",
       "    <tr>\n",
       "      <th>Gymnastics</th>\n",
       "      <td>-0.248069</td>\n",
       "      <td>0.227921</td>\n",
       "      <td>0.577350</td>\n",
       "      <td>0.468521</td>\n",
       "      <td>0.242536</td>\n",
       "      <td>0.707107</td>\n",
       "      <td>-1.178511e-01</td>\n",
       "      <td>0.848875</td>\n",
       "      <td>0.113961</td>\n",
       "      <td>-0.371391</td>\n",
       "      <td>...</td>\n",
       "      <td>0.000000</td>\n",
       "      <td>-2.407717e-01</td>\n",
       "      <td>0.000000</td>\n",
       "      <td>0.371391</td>\n",
       "      <td>0.801784</td>\n",
       "      <td>-0.904534</td>\n",
       "      <td>2.236068e-01</td>\n",
       "      <td>-2.236068e-01</td>\n",
       "      <td>0.468521</td>\n",
       "      <td>-0.400892</td>\n",
       "    </tr>\n",
       "    <tr>\n",
       "      <th>Handball</th>\n",
       "      <td>0.350823</td>\n",
       "      <td>-0.805823</td>\n",
       "      <td>-0.918559</td>\n",
       "      <td>0.441726</td>\n",
       "      <td>0.342997</td>\n",
       "      <td>-0.250000</td>\n",
       "      <td>-2.775558e-17</td>\n",
       "      <td>-0.600245</td>\n",
       "      <td>-0.322329</td>\n",
       "      <td>0.919145</td>\n",
       "      <td>...</td>\n",
       "      <td>-0.525226</td>\n",
       "      <td>2.553770e-01</td>\n",
       "      <td>-0.262613</td>\n",
       "      <td>0.131306</td>\n",
       "      <td>-0.661438</td>\n",
       "      <td>0.533002</td>\n",
       "      <td>-3.162278e-01</td>\n",
       "      <td>6.324555e-01</td>\n",
       "      <td>-0.220863</td>\n",
       "      <td>0.661438</td>\n",
       "    </tr>\n",
       "    <tr>\n",
       "      <th>Ice_hockey</th>\n",
       "      <td>0.000000</td>\n",
       "      <td>-0.161165</td>\n",
       "      <td>0.306186</td>\n",
       "      <td>0.441726</td>\n",
       "      <td>0.342997</td>\n",
       "      <td>0.250000</td>\n",
       "      <td>-3.333333e-01</td>\n",
       "      <td>0.771744</td>\n",
       "      <td>0.322329</td>\n",
       "      <td>-0.131306</td>\n",
       "      <td>...</td>\n",
       "      <td>0.000000</td>\n",
       "      <td>-4.256283e-01</td>\n",
       "      <td>0.262613</td>\n",
       "      <td>0.131306</td>\n",
       "      <td>0.472456</td>\n",
       "      <td>-0.746203</td>\n",
       "      <td>3.162278e-01</td>\n",
       "      <td>2.775558e-17</td>\n",
       "      <td>0.662589</td>\n",
       "      <td>-0.094491</td>\n",
       "    </tr>\n",
       "    <tr>\n",
       "      <th>Karting</th>\n",
       "      <td>0.464095</td>\n",
       "      <td>-0.609145</td>\n",
       "      <td>-0.578638</td>\n",
       "      <td>0.083478</td>\n",
       "      <td>0.259281</td>\n",
       "      <td>-0.472456</td>\n",
       "      <td>-3.779645e-01</td>\n",
       "      <td>-0.162051</td>\n",
       "      <td>0.304572</td>\n",
       "      <td>0.545921</td>\n",
       "      <td>...</td>\n",
       "      <td>-0.099258</td>\n",
       "      <td>9.652342e-02</td>\n",
       "      <td>0.397033</td>\n",
       "      <td>-0.347404</td>\n",
       "      <td>-0.607143</td>\n",
       "      <td>0.282038</td>\n",
       "      <td>1.195229e-01</td>\n",
       "      <td>4.780914e-01</td>\n",
       "      <td>0.333914</td>\n",
       "      <td>0.607143</td>\n",
       "    </tr>\n",
       "    <tr>\n",
       "      <th>Martial_arts</th>\n",
       "      <td>0.691905</td>\n",
       "      <td>0.027639</td>\n",
       "      <td>0.000000</td>\n",
       "      <td>-0.492410</td>\n",
       "      <td>-1.000000</td>\n",
       "      <td>-0.171499</td>\n",
       "      <td>-6.859943e-01</td>\n",
       "      <td>-0.235294</td>\n",
       "      <td>-0.138197</td>\n",
       "      <td>-0.045038</td>\n",
       "      <td>...</td>\n",
       "      <td>-0.225189</td>\n",
       "      <td>-8.759357e-02</td>\n",
       "      <td>0.225189</td>\n",
       "      <td>-0.045038</td>\n",
       "      <td>0.129641</td>\n",
       "      <td>0.365636</td>\n",
       "      <td>-5.423261e-01</td>\n",
       "      <td>-8.677218e-01</td>\n",
       "      <td>0.416655</td>\n",
       "      <td>0.453743</td>\n",
       "    </tr>\n",
       "    <tr>\n",
       "      <th>Rowing</th>\n",
       "      <td>-0.480384</td>\n",
       "      <td>0.882735</td>\n",
       "      <td>0.894427</td>\n",
       "      <td>-0.241943</td>\n",
       "      <td>0.000000</td>\n",
       "      <td>0.547723</td>\n",
       "      <td>9.128709e-02</td>\n",
       "      <td>0.751469</td>\n",
       "      <td>0.441367</td>\n",
       "      <td>-0.863034</td>\n",
       "      <td>...</td>\n",
       "      <td>0.575356</td>\n",
       "      <td>9.325048e-02</td>\n",
       "      <td>0.287678</td>\n",
       "      <td>-0.143839</td>\n",
       "      <td>0.621059</td>\n",
       "      <td>-0.700649</td>\n",
       "      <td>5.196152e-01</td>\n",
       "      <td>-3.464102e-01</td>\n",
       "      <td>0.241943</td>\n",
       "      <td>-0.724569</td>\n",
       "    </tr>\n",
       "    <tr>\n",
       "      <th>Rugby</th>\n",
       "      <td>-0.529751</td>\n",
       "      <td>0.740668</td>\n",
       "      <td>0.643268</td>\n",
       "      <td>-0.667017</td>\n",
       "      <td>0.225189</td>\n",
       "      <td>-0.262613</td>\n",
       "      <td>2.626129e-01</td>\n",
       "      <td>0.450377</td>\n",
       "      <td>0.867640</td>\n",
       "      <td>-0.793103</td>\n",
       "      <td>...</td>\n",
       "      <td>1.000000</td>\n",
       "      <td>6.706528e-02</td>\n",
       "      <td>0.655172</td>\n",
       "      <td>-0.793103</td>\n",
       "      <td>-0.099258</td>\n",
       "      <td>-0.279946</td>\n",
       "      <td>9.135003e-01</td>\n",
       "      <td>1.660910e-01</td>\n",
       "      <td>0.029001</td>\n",
       "      <td>-0.645179</td>\n",
       "    </tr>\n",
       "    <tr>\n",
       "      <th>Skiing</th>\n",
       "      <td>-0.044796</td>\n",
       "      <td>0.288104</td>\n",
       "      <td>-0.312772</td>\n",
       "      <td>-0.169210</td>\n",
       "      <td>0.087594</td>\n",
       "      <td>0.255377</td>\n",
       "      <td>2.553770e-01</td>\n",
       "      <td>-0.437968</td>\n",
       "      <td>-0.041158</td>\n",
       "      <td>0.201196</td>\n",
       "      <td>...</td>\n",
       "      <td>0.067065</td>\n",
       "      <td>1.000000e+00</td>\n",
       "      <td>-0.067065</td>\n",
       "      <td>-0.201196</td>\n",
       "      <td>-0.482617</td>\n",
       "      <td>0.435572</td>\n",
       "      <td>5.551115e-17</td>\n",
       "      <td>3.230291e-01</td>\n",
       "      <td>-0.394823</td>\n",
       "      <td>0.096523</td>\n",
       "    </tr>\n",
       "    <tr>\n",
       "      <th>Snowboarding</th>\n",
       "      <td>0.253359</td>\n",
       "      <td>0.275105</td>\n",
       "      <td>0.321634</td>\n",
       "      <td>-0.725018</td>\n",
       "      <td>-0.225189</td>\n",
       "      <td>-0.525226</td>\n",
       "      <td>-5.252257e-01</td>\n",
       "      <td>0.360302</td>\n",
       "      <td>0.909964</td>\n",
       "      <td>-0.448276</td>\n",
       "      <td>...</td>\n",
       "      <td>0.655172</td>\n",
